Day	T1_pH	T2_pH	T3_pH	T4_pH	T5_pH	T1_DO	T2_DO	T3_DO	T4_DO	T5_DO	T1_AS	T2_AS	T3_AS	T4_AS	T5_AS
1	5.7	5.5	5.1	5	6.2	4.4	4.9	6	6.1	6.5	40	32	NA	34	28
2	5.6	5.1	4.5	4.8	6.2	4.1	4.7	NA	5.6	6.3	40	40	NA	40	32
3	5.7	5.1	6	5.4	6.1	4	5.2	5.7	6.3	6.1	40	40	34	38	33
4	5.7	5.9	6	4.9	6.4	5	6.3	5.6	5.8	6.8	NA	NA	NA	NA	NA
5	NA	NA	NA	NA	NA	NA	NA	NA	NA	NA	NA	NA	NA	NA	NA
6	5.2	6.4	6	5.2	6.2	5.7	5.8	5.4	6.9	6.9	NA	NA	NA	NA	NA
7	5.7	5.9	5.9	5.2	6.1	4.5	5.1	5.7	5.9	6.7	38	38	33	39	28
8	5.6	5.6	5.6	5.3	6	6.4	5.3	5.4	6.4	6.7	40	40	39	39	32
9	5.8	5.4	5.5	5.9	6	4.3	5.1	5	5.7	6.3	40	40	39	39	31
10	6	5.8	5.2	5.7	5.9	4.5	5.4	4.4	5.1	6.4	40	40	39	38	32
11	6	6.1	5.6	6.2	6	5.1	5.6	5.1	5.5	5.9	NA	NA	NA	NA	NA
12	5.8	5.6	5.7	6.3	6.4	6.1	6.4	6	6.4	6.9	NA	NA	NA	NA	NA
13	6.2	6.3	5.1	6.3	6.4	5.7	6.5	5.1	5.8	6.7	38	39	39	30	31
14	5.8	5.8	5.6	6.2	6.3	3.7	4.6	4.8	4.5	6.9	40	40	39	32	30
15	5.8	5.5	5.1	6.2	5.9	4.4	5.8	4.1	5.1	5.8	40	40	39	37	33
16	5.6	5.5	5.2	6.2	5.8	5.3	6.1	5.1	6.1	5.8	40	40	39	NA	30
17	5.5	5.4	5.2	6.4	5.6	4.4	4.5	4.2	4.7	4.3	40	40	39	34	30
18	5.7	6	6.6	5.8	6.1	6.3	6.7	6.6	6.3	6.3	39	40	38	36	29
19	NA	NA	NA	NA	NA	NA	NA	NA	NA	NA	NA	NA	NA	NA	NA
20	5.2	6	6	6.6	6.1	4.4	5.2	3.9	5.7	5.4	39	39	37	29	28
21	6.1	6.2	6.2	6.3	6.2	5.3	5.9	5.7	5.7	6.1	40	40	40	33	24
22	5.6	5.6	5.7	5.4	5.5	4.4	4.4	4.3	5	4.6	40	40	33	34	29
23	5.7	5.6	4.9	4.8	5.7	4.1	5.2	5.3	5.3	6.5	40	40	NA	39	NA
24	5.3	5.2	5.9	4.7	6.2	5	4.5	4.3	4.7	4.1	40	40	39	39	25
25	5.5	5.6	5.9	5.4	6.5	6.5	6.9	6.8	7.2	6.9	39	40	36	33	25
26	NA	NA	NA	NA	NA	NA	NA	NA	NA	NA	NA	NA	NA	NA	NA
27	6.2	6.4	6.1	6.1	6.5	6	6.9	6.6	6.9	6.9	40	40	37	34	29
28	5.1	5.3	5.9	6	6.3	6.3	6.5	6.6	6.6	6.5	40	40	37	38	29
29	5.6	5.6	5.7	5.4	6	5	5.1	4.3	4.8	4.3	40	40	39	39	35
30	5.8	5.8	5.1	5.2	5.8	5.3	5	4.2	4.1	4	40	40	NA	39	33
31	5.4	5.2	6.2	5	5.7	NA	NA	NA	NA	NA	40	40	40	35	29
32	5.6	5.7	6	5.5	6.6	NA	NA	NA	NA	NA	40	40	39	38	30
33	NA	NA	NA	NA	NA	NA	NA	NA	NA	NA	NA	NA	NA	NA	NA
34	5.1	5.4	5.9	4.8	6.6	NA	NA	NA	NA	NA	40	40	38	38	26
35	5	5.1	5.4	4.7	6.4	NA	NA	NA	NA	NA	40	37	NA	NA	26
36	5.6	5.5	6.1	6.1	6.1	NA	NA	NA	NA	NA	40	40	NA	NA	NA
37	5.9	5.9	6.2	6.4	5.9	NA	NA	NA	NA	NA	NA	40	NA	NA	27
38	5.1	5	6	6	6.6	4.4	3.8	6	5.8	6.1	NA	40	NA	NA	27
39	5.6	5.3	6.4	5.6	6.6	NA	NA	NA	NA	NA	40	40	NA	NA	27
40	NA	NA	NA	NA	NA	NA	NA	NA	NA	NA	NA	NA	NA	NA	NA
41	5.2	6.1	6.4	6.6	6.3	4.7	5	6.1	5.8	6.4	40	40	37	31	23
42	5.9	5.5	6.2	6.3	6	4.5	5.2	6.1	5.7	6.7	35	40	35	NA	20
43	6	6.1	5.8	5.7	5.9	4.2	4.4	5.8	5.8	6.2	NA	NA	33	NA	NA
44	6.2	6.2	6.1	5.4	6.7	5.1	4.8	5.4	6.3	6.2	NA	NA	39	NA	NA
45	6.4	6.3	6	6	6.7	5.4	5.3	5.1	6.2	6.4	40	40	39	30	27
46	6.2	6.2	6.1	6.5	6.9	4.9	5.8	6.3	6.9	7.4	40	40	40	30	30
47	NA	NA	NA	NA	NA	NA	NA	NA	NA	NA	NA	NA	NA	NA	NA
48	6.3	6.2	6.4	6.6	6.9	5.7	6.5	6.8	6.5	7.3	38	40	40	35	27
49	6.2	6.1	6.2	6.9	6.8	4.3	5	5.2	6.5	7.1	39	40	40	33	25
50	6.2	6.1	6.1	6.5	6.4	4	4.2	4.8	5.3	5.8	NA	40	39	26	25
51	6.3	6.1	6.1	6.4	6.8	5.9	4.5	4.9	5.9	6.4	NA	40	39	32	NA
52	6.3	6.1	5.9	6.2	6.8	5.4	4.7	4.7	5.5	6.6	NA	40	40	33	28
53	NA	NA	NA	NA	NA	NA	NA	NA	NA	NA	NA	NA	NA	NA	NA
54	NA	NA	NA	NA	NA	NA	NA	NA	NA	NA	NA	NA	NA	NA	NA
55	6.4	6.5	6.6	6.4	6.8	5.3	5.4	5.5	6.2	7	NA	40	40	29	27
56	6.4	6.4	4	6.3	6.4	5.5	5.5	4.8	5.4	6.3	39	40	39	31	30
57	6.2	6.2	6.3	6.2	6.3	5.7	5	5	6.1	6.8	40	40	40	38	26
58	6.2	6.2	6.3	6.3	6.3	5.3	5.7	4	6.5	6.8	40	40	NA	NA	25
59	6.1	6.1	6.6	6.3	6.3	5.6	5	6.4	6.2	6.4	40	40	40	NA	29
60	6.2	4	6.5	6.7	6.3	4	5	6	6.2	7.1	40	40	40	NA	29
61	6.1	6.4	6.5	6.8	6.4	4.5	5.3	5.6	6.4	7	NA	NA	NA	NA	NA
62	6.3	6.6	6.7	6.9	6.5	5	5.6	5.9	6.8	6.8	NA	NA	38	NA	28
63	6.2	6.7	6.5	6.9	6.5	4.1	5.5	5.1	6	6.6	40	40	39	NA	29
64	6	6.3	6.4	6.8	6.4	4.4	5.2	4.7	6.4	6.5	40	40	38	NA	33
65	5.9	6.4	6.4	6.7	6.4	3.7	4.7	4.7	5.1	6.5	40	NA	39	NA	33
66	5.9	6.6	6.1	NA	6.2	4.4	5.1	4.3	NA	5.9	40	NA	39	NA	33
67	6.1	6.8	6	NA	6.1	4.3	6.9	4	NA	6.2	40	NA	40	NA	32
68	NA	NA	NA	NA	NA	NA	NA	NA	NA	NA	NA	NA	NA	NA	NA
69	6.4	6.8	5.8	NA	6.2	4.8	7	5.3	NA	6.5	40	NA	40	NA	34
70	6.2	6.9	5.9	7.4	6.3	3.8	7.5	3.9	6.9	5.8	40	NA	37	NA	30
71	6.3	6.8	6.5	7.5	6.6	5.3	5.2	4.9	7.3	5.9	40	NA	39	NA	32
72	6.3	7.1	6.5	7.2	6.6	3.7	7.2	4.4	7	5.2	NA	NA	38	NA	33
73	6.5	6.9	6.6	7.2	6.6	6.1	6.5	5.1	7	5.3	37	26	40	19	33
74	6.7	6.9	6.6	6.9	6.8	4.6	6.4	4.6	5.8	6.2	40	33	39	19	30
75	NA	NA	NA	NA	NA	NA	NA	NA	NA	NA	NA	NA	NA	NA	NA
76	6.9	7	6.7	6.7	7	5.8	6.7	5	7.5	6.9	40	38	39	26	27
77	6.8	6.8	6.8	6.5	6.9	4.6	6.6	4.4	6.5	6.3	40	40	37	34	28
78	6.5	6.7	6.5	6.4	6.7	5	6.3	4.2	6.2	5.2	40	40	40	36	NA
79	6.4	6.6	6.7	6.6	6.8	5.1	5.9	4.6	5.6	5.7	40	40	NA	32	32
80	6.3	6.5	6.7	6.6	6.7	5.6	7.1	6.4	6.5	6.6	40	40	40	31	32
81	4.8	5.4	6.3	5.8	7.3	4.3	6.4	5.7	6.3	6.6	40	40	NA	NA	NA
82	NA	NA	NA	NA	NA	NA	NA	NA	NA	NA	NA	NA	NA	NA	NA
83	6.5	6.5	6.5	5.8	6.5	4.9	6.9	5.8	6.3	7.9	39	40	38	35	30
84	6.5	6	6.5	6.5	6.8	4.2	5.6	5.4	6.5	6.2	38	37	38	38	32
85	6.6	6.5	6.5	6.4	6.4	5.5	5.2	4.5	6.2	4.6	38	40	39	NA	NA
86	6.2	6.1	6.1	6.6	6.7	4.2	5.6	4.3	6.4	6.1	39	39	37	NA	NA
87	6.2	6.3	6.1	6.8	6.7	4.5	5.5	4.3	7.1	6.1	35	NA	37	NA	30
88	NA	NA	NA	NA	NA	NA	NA	NA	NA	NA	37	37	37	NA	32
89	NA	NA	NA	NA	NA	NA	NA	NA	NA	NA	NA	NA	NA	NA	NA
90	6.8	7	6.2	6.8	7.3	5.2	6.1	6.3	6.7	6.7	37	27	36	NA	32
91	6.2	6.3	6.4	6.9	6.8	4.1	5.8	5	6.6	6.1	20	25	39	NA	33
92	6.2	6.5	6.4	6.9	6.7	5.5	6.3	3.9	7	6.2	NA	NA	NA	NA	32
93	6.6	6.8	6.9	7	6.9	5.1	6	4.6	7.2	5.6	NA	NA	33	31	34
94	6.6	7.1	7	7.1	6.9	5.1	5.7	4.7	6	6	NA	NA	38	31	34
95	7.3	7.2	7	7	7	5	6.5	5	6.3	6.5	NA	NA	40	33	33
96	NA	NA	NA	NA	NA	NA	NA	NA	NA	NA	NA	NA	NA	NA	NA
97	6.6	6.7	7	7	7	6.9	NA	5.7	7.5	6.2	NA	NA	40	33	32
98	6.9	7.1	6.7	6.9	6.7	7.7	7	4.8	6.1	5.8	29	28	40	39	34
99	6.6	6.9	6.5	6.6	6.7	7.3	6.4	4.9	5.1	5.9	29	33	36	38	38
100	6.6	7.1	6.5	6.5	6.7	4.7	6.6	5.2	6.3	6.7	NA	40	38	39	39
101	6.8	6.9	6.5	6.4	6.8	7	6.2	5.6	5.6	6.4	28	40	40	39	39
102	6.6	6.9	6.4	6	6.9	6.8	5.5	5.4	4.6	6.1	28	40	40	39	38
103	NA	NA	NA	NA	NA	NA	NA	NA	NA	NA	NA	NA	NA	NA	NA
104	6.7	6.4	6.9	6.2	7.1	6.9	6.9	6.4	7.1	7.6	28	40	33	40	31
105	6.7	6.5	6.5	6.1	6.9	5.8	6.1	5.7	6.3	7.1	33	40	40	40	32
106	6.5	6.5	6.2	6.1	6.4	5.6	5.3	5.9	5.8	6	39	40	40	40	39
107	6.6	6.7	6.2	6.1	6.4	5.9	4.3	5	5.4	6.2	39	38	40	40	32
108	6.5	6.7	6.1	6.1	6.4	5.5	7.4	4.9	6.2	6.4	40	NA	40	40	39
109	6.6	6.5	6.6	6.1	6.7	6	5.5	5.6	6.1	6.8	40	39	39	40	39
110	NA	NA	NA	NA	NA	NA	NA	NA	NA	NA	NA	NA	NA	NA	NA
111	6.5	6.5	6.5	6.1	6.8	6.6	5.9	5.6	7	6.9	40	37	NA	40	36
112	6.5	6.6	6.5	6.2	6.9	5.1	5.8	5.6	6.2	6.1	40	36	39	40	36
113	6.9	6.6	6.4	6.1	6.7	5.6	4.9	5.7	6.4	6	40	39	NA	40	40
114	6.2	6.4	6.3	6.1	6.6	6	4.9	5.6	4.6	6	40	40	NA	NA	40
115	6.2	6.6	6.5	6.3	6.7	6	4.5	5.6	6.3	5.8	39	40	NA	40	40
116	6.3	6.5	7	5.9	7	6.2	5.1	6.6	6.9	6.6	26	40	32	40	40
117	NA	NA	NA	NA	NA	NA	NA	NA	NA	NA	NA	NA	NA	NA	NA
118	6.8	6.8	6.9	6.8	6.8	7	5.1	6.6	6.1	6.7	NA	40	27	40	27
119	6.8	6.8	6.9	6.8	6.9	6.7	4.8	5.8	5.6	6.6	NA	40	27	40	32
120	6.8	6.7	6.6	6.6	6.8	6.7	5.3	5.9	5	5.9	NA	40	39	40	39
121	6.8	6.7	6.6	6.7	7.2	7.9	5	4.4	6.5	6.6	NA	NA	NA	NA	NA
122	6.9	6.9	6.5	6.8	7.2	8	6	5.6	6.4	6.6	NA	28	28	40	27
123	6.7	6.7	6.9	6.8	7	6.6	5.4	6.6	7.4	6.7	NA	39	40	NA	30
124	NA	NA	NA	NA	NA	NA	NA	NA	NA	NA	NA	NA	NA	NA	NA
125	5.9	5.5	6.4	5.3	6.7	6.1	6.3	6	6.1	6.7	27	39	38	36	25
126	6.4	6.2	6.5	6.3	7	6.3	7.1	5.9	6.2	6.3	40	37	40	38	28
127	6.4	6.3	5.9	5.9	5.9	6.2	6.6	5.2	5.5	5.4	34	40	39	40	33
128	6.5	6.3	5.9	6	6	5.3	5.9	5.7	5	4.4	40	40	40	40	NA